# lo hi selected others
  -4.35800   -1.05700    0.00000    0.00001
  -1.05700    9.62100    0.00669    0.00395
   9.62100   10.61000    0.07216    0.05060
  10.61000   11.27700    0.10712    0.08864
  11.27700   11.78100    0.14153    0.12890
  11.78100   12.19700    0.17163    0.16605
  12.19700   12.55600    0.19920    0.20260
  12.55600   12.88400    0.21761    0.22306
  12.88400   13.21100    0.21882    0.21200
  13.21100   13.55000    0.21076    0.19853
  13.55000   13.90400    0.20150    0.19234
  13.90400   14.28300    0.18831    0.19246
  14.28300   14.69000    0.17568    0.19831
  14.69000   15.11800    0.16708    0.21098
  15.11800   17.25300    0.03346    0.05620
  17.25300   18.79800    0.00000    0.00004
