# lo hi selected others
  -2.25900   10.82500    0.00546    0.00966
  10.82500   12.40800    0.04514    0.05334
  12.40800   13.70200    0.05520    0.06203
  13.70200   14.76100    0.06740    0.09589
  14.76100   15.38400    0.11473    0.14085
  15.38400   15.78500    0.17800    0.16831
  15.78500   16.08600    0.23728    0.19615
  16.08600   16.33700    0.28423    0.21660
  16.33700   16.56700    0.31041    0.22710
  16.56700   16.79000    0.32056    0.23560
  16.79000   17.01900    0.31166    0.23831
  17.01900   17.26200    0.29364    0.22866
  17.26200   17.54500    0.25243    0.20997
  17.54500   19.66300    0.03384    0.03034
  19.66300   20.82600    0.00000    0.00003
