# lo hi selected others
   6.81230    8.77340    0.00000    0.00001
   8.77340   17.47770    0.00821    0.00267
  17.47770   18.97144    0.04781    0.01892
  18.97144   19.62626    0.10908    0.03665
  19.62626   20.09630    0.15191    0.05118
  20.09630   20.48812    0.18239    0.06805
  20.48812   20.85020    0.19718    0.08587
  20.85020   21.18454    0.21367    0.10240
  21.18454   21.52642    0.20898    0.12942
  21.52642   21.85500    0.21713    0.15811
  21.85500   22.20512    0.20421    0.19735
  22.20512   22.57626    0.19244    0.23973
  22.57626   23.01001    0.16469    0.29359
  23.01001   23.56025    0.12981    0.32927
  23.56025   28.60090    0.01417    0.04869
  28.60090   31.68970    0.00001    0.00007
