# lo hi selected others
   2.12580    4.73100    0.00000    0.00001
   4.73100   12.80393    0.00885    0.00224
  12.80393   15.25014    0.02920    0.01510
  15.25014   16.98765    0.04111    0.03837
  16.98765   18.22986    0.05750    0.08467
  18.22986   18.96160    0.09760    0.13835
  18.96160   19.45160    0.14579    0.16857
  19.45160   19.83181    0.18789    0.18861
  19.83181   20.14750    0.22623    0.21471
  20.14750   20.41270    0.26928    0.24794
  20.41270   20.63940    0.31502    0.28653
  20.63940   20.83740    0.36076    0.33838
  20.83740   21.02260    0.38583    0.38843
  21.02260   21.22925    0.34567    0.39202
  21.22925   26.39520    0.01383    0.01918
  26.39520   27.99440    0.00001    0.00000
