# lo hi selected others
  -3.74515   -1.06311    0.00000    0.00000
  -1.06311   11.34618    0.00576    0.00614
  11.34618   12.88796    0.04633    0.05893
  12.88796   14.39049    0.04754    0.05932
  14.39049   15.30346    0.07824    0.08282
  15.30346   15.76175    0.15586    0.12226
  15.76175   16.08568    0.22051    0.15710
  16.08568   16.34622    0.27417    0.18843
  16.34622   16.57892    0.30694    0.21349
  16.57892   16.79967    0.32354    0.23832
  16.79967   17.02350    0.31916    0.25473
  17.02350   17.26208    0.29936    0.25086
  17.26208   17.53738    0.25947    0.24806
  17.53738   17.89646    0.19892    0.24002
  17.89646   22.35646    0.01601    0.03107
  22.35646   25.16554    0.00000    0.00000
