# lo hi selected others
  -1.03000    1.64000    0.00000    0.00002
   1.64000   11.59000    0.00716    0.00246
  11.59000   13.43000    0.03873    0.01796
  13.43000   14.64000    0.05900    0.04316
  14.64000   15.57000    0.07679    0.07842
  15.57000   16.39000    0.08657    0.11980
  16.39000   17.18000    0.09121    0.15695
  17.18000   17.91000    0.09671    0.17870
  17.91000   18.49000    0.12333    0.19802
  18.49000   18.89000    0.17705    0.20994
  18.89000   19.18000    0.24209    0.20630
  19.18000   19.43000    0.28923    0.19086
  19.43000   19.70000    0.27030    0.16236
  19.70000   20.04000    0.20605    0.11723
  20.04000   83.50000    0.00115    0.00117
  83.50000   85.39000    0.00000    0.00001
